51933273
82956088
79884014
12059737
95085910
31094721
38524199
15053935
47642376
05969231
45370900
29865844
16499747
28260143
82394673
06791921
95681381
73974889
49591016
86742130
64166155
53588411
75348959
65607292
54705056
01946007
48292359
21355566
32837297
61203317
73740847
58561087
71620543
66323374
06722664
96123860
56487159
78084135
40176843
95511531
38295863
44236009
58844338
91505679
19582322
58131182
09580574
48770883
10449994
53489008
37758748
92851914
04443235
84742187
19951760
43876517
11896713
09896944
41991449
28123641
31472322
75610152
82325417
42961540
29575330
13824737
37146467
67918686
75359635
93369877
85309431
43718283
70248221
43704037
30032605
18867055
40411683
64522862
80129524
48932847
37517839
32760242
03431116
70395715
65161926
44433690
19900504
84097199
92298089
98297797
38256104
53500637
29314681
33060973
68953205
43103003
21324875
78376176
01320832
46412976
89540834
69609999
83714921
24328025
85906102
17407099
22242878
34322319
11776958
95001230
69940930
24202455
55936454
39167976
61800796
47757324
80150623
30305972
65255693
68498117
84487711
39189527
39432620
23439037
28320002
96392307
30403248
74412206
25995862
74712513
30759123
99800809
35782985
99044886
58478849
34746128
13033180
27251891
99820571
00198833
15327704
59857288
08177166
45695772
55246320
26838523
62284030
36787191
41697720
06690755
08056098
38875326
34878407
97259428
65637239
02483748
45138444
33076179
90437728
76859303
15985145
35438405
42533589
65695677
98423944
00584206
57288673
95797541
81702233
60252569
25309101
25053830
27490685
33995822
76812184
79296160
77038497
39880099
71506139
47299396
26328326
04597042
28448584
76260285
81278195
08378370
45201027
32130970
33701201
04009304
84276829
92899598
00798374
88918593
51806960
07567381
72997060
19166919
91923273
67661495
92344553
64692177
86825768
29960041
98643877
45578695
99866449
37959056
62040943
77501573
18346426
38454354
95068363
69917814
97425908
88316823
59790403
37655743
44820597
11736123
78342187
26890246
05882026
65477192
21606917
22823486
85706417
49011809
19415769
03515969
40974556
76112187
25077329
37681062
84632072
40166780
94626757
00490697
68273997
26516428
39944429
84087615
57668875
71719387
11067597
89699442
51256537
06140178
35804323
10682368
76351571
41741436
00854849
54003914
98521808
19491739
86320636
46505141
36211072
44049165
60411661
29568918
16944182
37025982
61061293
24142586
90685778
51677098
79385134
93490675
05356383
68798074
82852188
42257454
40874788
84751778
27840368
52605782
12524146
28073007
91582768
07260632
23331455
16355241
91952167
40534725
69468461
44409831
64947198
42390696
20953525
70580795
03970269
19087132
38110972
20697434
22122796
80463282
49956105
48151046
36883914
23165039
43819356
57306513
51714765
10510438
90027050
41967445
17357717
08248047
57358602
64556985
45678075
22504704
51392637
33197742
37737506
18327943
33462828
19328695
88521474
05170558
76221218
47373423
55218409
65502943
96513949
03745603
87207255
11585423
49653280
88583604
33772678
11487866
54823722
10908643
36193919
48331315
82122182
44251747
96684150
54686562
24929327
62130048
52048565
44131496
55091763
52611959
13846305
35083072
72650928
46057584
33927375
27017473
57293021
50204206
01871762
66760863
46468701
90599310
33373059
88986962
60938098
02414328
62170948
49201202
64823564
85457314
51620132
46041577
26575130
17123699
68331144
82150673
30598013
45292146
64866038
95268711
60811494
89330508
86768068
62641210
11193190
38754744
46332714
25618195
77134464
64007014
67614211
76338756
37663170
49113434
12139438
34935113
04391814
38794877
31603144
75966514
50734782
62855777
74311752
88067511
04022843
81728642
57218351
95657027
16551519
02189200
24829081
60218109
78291226
95011993
13307594
55535111
28585782
23318251
56348811
14582428
68776006
04286555
86032102
79311474
72051754
23974666
88451622
93246851
80160700
93547493
07812874
14000025
71483882
35974109
71126970
64267258
93304431
69096488
00430769
92390158
78648166
92956125
34423302
69902128
86925521
56057419
91995683
59523413
34709105
06706680
79101998
59251875
88107337
01441903
56712328
19424218
13331731
50547676
15627207
18211040
87460707
82268038
34784044
60517157
15134082
32318613
33878198
31791232
24348430
82438159
30207789
72982726
36393632
66940576
49897760
39813940
71312279
05156859
45855710
63836796
61405259
87293747
50944555
34866431
85978708
61167297
23566467
92147192
28863811
04224275
35911885
03171317
53517292
03342303
39207553
11147177
16264397
53712624
37862503
75639809
84657664
69754836
13888119
85938680
47996092
97165842
60736048
83208184
57824615
73409439
58311828
74897933
12736632
25375772
17238642
77151882
43676357
78431926
58332551
69688830
21560431
43410030
24715688
16303624
89181983
82594217
88532215
13105941
38834217
33365741
20984549
43666959
28923978
00020626
74877408
37081793
48164110
98341860
86006098
68993750
30528180
24313508
37101972
57122071
78300480
65889580
52717680
39113361
32820834
53938168
36003784
51406164
21817922
28058799
08963815
98608795
31087615
32870439
20903795
84164817
91101828
38161014
99914791
86714476
48279430
77607084
38015562
38954714
42567262
24622014
02086077
75896084
69726403
76520131
61751604
13608582
03753805
36259096
77598124
98786265
38740492
95984632
17190127
23248258
34330299
60631027
53608135
03254275
34929752
26031963
08043583
00473579
42747491
99164369
18998127
23874106
66875110
74375038
01395574
66523641
11826611
63788189
75123604
32089950
43861544
03888174
42701872
92088106
90429020
46691635
51964698
70206902
81780559
09037064
83380291
97333359
70430928
67820896
57406058
43728953
20183759
00603229
06122297
00816001
95071636
71692282
62981232
71086531
96480390
99007398
92494671
71533721
40939616
43577082
21648798
24695831
61707768
76773159
07535015
46773568
50874105
76211497
51051215
96831532
58939926
07875278
81086114
77254208
64702513
97519358
91048171
40100183
82756753
23838444
46273924
87394436
64377688
74820637
45989864
44922853
20643260
74928420
34508642
86280525
32293354
93972392
01276404
47891801
21227598
85147185
44395133
69718034
09272636
88832727
09426558
68414728
61446937
31192497
54150569
65075300
27942914
03988843
06806469
45905025
99105508
19103990
14066698
35360172
58626822
61669933
14831519
94398938
54161934
31822895
47086453
50357187
37375236
42192267
93518487
21612988
11093216
36485554
80694634
49750380
16758457
03500446
63236298
19800258
97971259
45741409
57780067
36361116
06463100
16411907
48659579
45996749
52763674
75528364
16544725
24083796
58201874
85359150
74178396
88422589
31467390
12831823
60036846
16237368
96147697
80078989
08492962
69042026
39907154
42388645
71189715
74491202
67081066
46994007
99834012
01183374
53387035
66473965
89504363
10879642
96316419
33473190
03385081
22056441
85783923
75045136
35547796
27984143
56212141
98995828
22955559
99612042
73091828
60442074
27699792
78837505
28452713
01881544
83634486
93603344
59534802
38333836
44303497
86297534
37577146
07151593
36768489
61914627
75803687
05597088
29206069
26027813
20054522
72900015
45684442
95768339
11610700
73600535
27795452
10895934
43851609
41917561
30902201
95214741
04932302
36310835
47929909
96807973
10910438
76435657
81748589
80336710
57064309
42515495
39470406
94756706
36040906
76244780
52882980
63713422
23995085
62577537
45349114
09470024
94454080
07149081
24013258
79462825
89251754
15095784
54127062
17608677
12378065
29408786
00594020
45159660
64893709
31742983
32430676
31859639
02803367
89874243
27391661
40624792
08483771
70840891
40438825
04780646
34496176
47233904
76981147
41700424
56657579
32015866
69635394
42930885
97984501
30819387
46851812
45005091
93814901
17659521
30911734
49139739
52075254
41684972
47933988
94652280
27470436
86851122
36304250
37563642
85860938
83779319
64086453
45840739
89517384
46626076
62556111
40001453
68844637
18731275
58460914
81520702
87411541
71946031
11162160
64296257
16933729
89351548
58005261
76564424
88804565
12148451
82227599
36627871
58661736
59497429
46220312
02605225
84813256
66823589
23086608
21181884
29433238
30729918
00526952
66239951
33505816
53597603
23896019
23812060
29061374
31486107
37599511
57760067
92389527
94555620
52635880
39397976
74025776
51860106
29089174
95385673
93630846
39570699
06065284
94139499
73734542
45538417
81193956
37072017
49612905
60112784
89005324
68650570
17309583
93412473
96285777
97084803
85196271
59365808
35863678
58659624
29283436
38227962
68261122
79186755
24561508
90619844
45463029
09536733
83709195
71786052
35519113
48148057
79846213
57232275
63729315
89464127
19873931
45176717
91372471
39422782
14026577
61438335
74503052
25696147
75764399
70858285
85013477
94510304
56070873
58731569
05760066
90947387
46864521
51519597
68096257
33972065
44834584
41065905
65437826
67856700
62102485
38915793
00132297
11088300
71938148
02754265
08551018
09691485
78102015
35827028
36534963
18289720
73000006
80101299
28559906
06365620
20729076
36687950
65410470
34757583
70346079
43948951
36032522
16888481
94903564
42231214
77721706
22270642
32330044
99420194
10869966
37725186
74471254
47678922
13676209
60052268
27914482
75863242
82654155
17317738
55321597
71340469
93473400
71903505
44548883
42326327
14499025
32395554
53299805
26769004
15735888
89808986
41553660
53113687
04707606
74767545
91864990
77473043
37769475
65872378
94824454
13261279
19988974
98435037
21025954
52991165
15584514
67800189
15234449
44073776
60173227
27035857
42786295
62958097
85054421
43300783
61788187
25046595
73903883
63177844
25169655
59396501
72153599
16189586
65212681
81852138
45713727
14250706
21667763
25334072
39407498
07222208
21438061
41370913
06040085
16736841
86197106
44313961
64939212
91146941
18015303
72716519
47793625
74097843
58363576
71115446
33096883
57592290
28226221
82378551
82557284
34412536
73322111
30243370
39324940
48894321
38462279
84391179
84319759
13318405
29632871
83912312
71594557
84553639
85434525
94083249
86354127
38098196
85798686
14465776
10467660
79222093
29877208
21520490
34227651
52361570
63301978
22159909
21808129
87063575
68402451
58497219
40298532
92967747
35224994
97734340
45753536
91218527
56735511
16287221
03572859
07404516
68157354
58676622
73561803
89678085
25985935
46953107
44164513
01389403
50590464
34170440
35159608
93375887
34240706
68550457
68161601
75643226
48980126
57240648
95104093
70786242
89037513
05742327
15432392
62828501
72851548
10362318
53986999
54796776
46560577
72256823
17633088
92378561
46249316
59203000
86690802
35009343
67444043
15175391
77736436
96336390
31528487
83541996
91571969
55519903
78326810
77290268
85824378
25136127
45634952
35201457
17794635
50457861
56198535
15103325
64982712
65948047
54360181
79476674
00731404
80379862
94184320
01058708
32854319
76045528
55074123
67018071
12682442
26250355
17983405
45028884
15482861
53404332
61740015
75317594
47659386
34578584
49632816
14427058
48134175
53328846
63893188
86498771
94542669
76953828
19740330
08723278
07422849
46746917
26348634
13544031
39221294
69543661
86081743
00259495
93199889
88049609
46591383
23629655
24101993
44335096
33412574
72759103
18434884
41547782
40259147
03415456
02218766
08380376
14799668
38548610
36121747
77210935
12668936
28374776
30987315
25432334
59953775
08162339
34090612
36635968
03708659
62684351
61543071
33648043
41734238
57892360
54305240
55256988
58872141
90747742
82171351
51605567
62541549
33905272
21785736
53543824
37933537
60743000
55384144
21418194
89317645
44177080
77672278
40424927
68505973
15928149
61267021
00622319
25259500
66388815
68663876
02445206
14237870
50449147
61613196
67495600
56798659
32793950
89892194
44632259
32889600
66632119
40475268
36179694
96863172
00802246
48322528
32643118
47495229
58819943
21831614
19847255
13862868
47175777
99621984
80728917
67562071
16402740
46316325
02865295
90417852
02420732
77652556
65357629
63331983
51323103
86757503
19611258
31999420
22513784
95043384
45470215
26756103
63644622
49937946
40247345
95884945
48073402
76274807
55592486
37353366
85803218
87076276
74902820
21921776
03201135
84440740
37480261
48993607
91341338
68891167
52663830
89714859
24995550
87327455
87640270
57143434
46444490
57541462
17687863
02854654
64993711
94698562
54925474
51876900
67720807
48500348
12006496
91187138
54289392
90304634
07004473
50192420
94617038
99754649
78766957
88347386
09199282
54188923
12110718
82836619
27067535
30665788
24523309
77190211
12497360
64230915
58047894
35948548
32815788
34647618
69878265
78382429
50488368
33554044
43130242
29279796
67193282
51741545
62371427
73786398
53070964
56017952
15164398
36778657
05004347
88871785
65037198
86930894
33332489
04713342
39829076
87150477
38696618
39378855
76863454
52425002
96960927
51534346
53240708
88206758
25787302
52001277
80838782
65062857
88772851
41455483
62666452
06165596
73136665
78133271
06278201
98874985
02570959
12588022
24972232
52454764
33119195
17248488
93837470
60325215
00889518
46104188
14923102
24001416
52111487
12209537
08731864
31667373
78945004
70619699
50046239
48265061
60025938
30497297
80114740
94168872
52392581
21294910
18711850
53055436
80085017
90447230
94992016
21373551
93850220
36235424
01806149
79956294
18706753
81821488
99548944
24870331
80412904
29649153
30578799
96190024
63979911
84193548
34794845
30716194
87721607
79794557
62906724
68113616
90468744
69994312
05568051
32055826
79833105
41757175
70909799
08835173
62893451
28193852
46424147
39959534
20425885
65206994
12424718
69478190
77944185
19257169
82868818
26615880
73160913
64179171
22327623
40016843
67766892
52150200
88768506
86209999
18556259
83980742
00323919
34683147
88729019
10935195
43499703
07999394
83109932
92678705
34831608
24841296
50038694
15529210
79373513
44785275
68352662
39841603
58448547
10430841
67517510
15728471
11222969
49628769
22044579
38000571
41388791
85158865
44279506
90816715
53174473
94146388
83726806
26175759
49688741
39968651
89977519
36521069
38031330
11973855
90310772
52097663
08146876
01238319
22109641
54875728
60358642
51773623
61374415
48104569
25500782
84880021
64889460
57990030
25487113
27902461
78211633
53961190
40908813
87132764
69747027
07572429
15800750
58116023
97902563
28730351
09665187
70497165
75139904
55458458
46090619
17057401
78029797
72095427
01611709
37675706
19099011
28960309
11741413
90200731
53919149
01309739
35983724
98490302
41948653
21853846
74297268
49867227
55843009
81214930
57139628
51177205
07765933
49385376
00120558
15692609
64249611
43657223
85942354
95349902
60870509
64658729
43030676
66697605
94725503
33796081
05095935
86027197
81107928
54396681
32170195
16653496
09100320
51815203
82349891
39061492
88230750
17921671
32548786
57698575
83678720
74880853
44456934
39276094
93352984
54933493
90825921
84121199
55775644
33441751
60338495
24619937
83515293
32158825
19682399
89090321
93028686
59625414
61319630
16095303
65459244
83354706
25261027
70890886
44102414
94125286
67416028
87010122
64752575
80766096
15533886
18050462
20888849
70886709
24729020
64645848
94798739
65783016
36647058
71818864
19549732
08706020
89275115
09990887
47662145
56424481
08442658
73859594
53137303
65238310
49945263
43548185
75546273
88248896
61462034
26609825
59374489
96383726
09354694
77244249
40985568
63949161
86724533
59611875
07586481
28016815
86225313
69708630
38730013
09546936
69494154
36352353
55588486
53062698
79238799
79007729
61089885
44970997
04821898
69850010
71664335
73474443
72100682
94705162
92798446
86595995
41309236
04557650
59443900
65566526
85039094
36968994
75117280
69936104
37746728
68835296
52564026
76836715
26695714
84857710
42586023
27817512
80035547
47337359
30880597
66156882
33164601
67926172
93956721
11796487
87783218
58430634
67819936
91882505
06997081
49447928
70322014
59469538
14540004
39413208
09594177
36701836
41270703
53570921
00075147
75249583
88886093
60404711
87816452
89605624
64911653
30029648
95177082
87531942
15965634
01558393
93298557
51918681
50781679
82512200
91122417
19882885
72374704
58182063
84242166
48023883
69890561
88510501
70193343
33268389
02673336
01134164
53852496
59756380
43760530
14447747
93008810
35191031
63503275
09493851
82443286
04511805
12160404
19853854
96077169
00769411
35764417
82987061
98099890
77621917
28690426
59404539
12765098
04365413
24225154
37283517
69331793
39609249
50407864
84437701
88738872
03892166
28990526
20237202
47510689
99459611
13087102
27485626
97039351
48834732
07177919
29806907
59273376
10331556
42893477
55980533
34131784
84996985
00367767
64877642
41076961
48925376
44904204
47439339
00651938
34529248
28973710
61895197
65491669
11915676
09968325
69412960
02834342
21948791
60751436
84831157
26305591
17179304
52958128
03630715
78894316
09449093
42545289
99676077
29672622
82670832
06782664
60231405
13599574
89990079
17696216
78635052
76421793
51548590
94593058
40502357
36182944
43938522
42524053
08676413
26823492
30091373
00506227
36547626
65726363
82012609
90632439
80632201
23348820
73211645
15275453
48364923
89660108
77202152
36104842
89918344
97544558
95200645
48790004
40210940
27409623
19267776
86165120
40593267
60452602
47718255
64022712
07374076
53704950
14380820
93014411
46542824
31063294
57600747
94485786
35704466
10759826
48309556
92481337
61556171
00414529
76538226
55128946
31059683
52104323
16806966
33815600
56508433
04605230
60197450
76878072
77681372
16516541
02965058
48601876
92073996
76340776
44204888
75225447
27622770
97437807
54940369
66095683
42766473
05033417
76099585
72129089
68617208
57688099
19200206
22591403
43004319
80253846
56968304
55157221
85139469
47823137
85369089
23292758
47967868
42041813
06883368
01494528
36098895
83012395
87670161
63347071
39787246
74406478
67798026
26091586
06911515
99524497
23556681
26621269
08406458
06573144
86251770
51589348
44953710
63311141
79048782
81221168
16218174
98031322
49145844
09506807
54896422
44558667
95923697
89209203
93394538
04317648
22426873
79082328
36861248
19507607
44039713
65733331
26683108
66456130
21380057
49424808
52512620
46925941
61221998
13736806
65525821
07272883
43587604
00458125
50469085
47830911
57916022
49198046
41826397
74344773
43684297
98972522
74084779
19347986
84058649
30938107
90699027
70872380
11018055
51352294
58169069
47610987