51933273
82956088
79884014
12059737
95085910
31094721
38524199
15053935
47642376
05969231
45370900
29865844
16499747
28260143
82394673
06791921
95681381
73974889
49591016
86742130
64166155
53588411
75348959
65607292
54705056
01946007
48292359
21355566
32837297
61203317
73740847
58561087
71620543
66323374
06722664
96123860
56487159
78084135
40176843
95511531
38295863
44236009
58844338
91505679
19582322
58131182
09580574
48770883
10449994
53489008
37758748
92851914
04443235
84742187
19951760
43876517
11896713
09896944
41991449
28123641
31472322
75610152
82325417
42961540
29575330
13824737
37146467
67918686
75359635
93369877
85309431
43718283
70248221
43704037
30032605
18867055
40411683
64522862
80129524
48932847
37517839
32760242
03431116
70395715
65161926
44433690
19900504
84097199
92298089
98297797
38256104
53500637
29314681
33060973
68953205
43103003
21324875
78376176
01320832
46412976
89540834
69609999
83714921
24328025
85906102
17407099
22242878
34322319
11776958
95001230
69940930
24202455
55936454
39167976
61800796
47757324
80150623
30305972
65255693
68498117
84487711
39189527
39432620
23439037
28320002
96392307
30403248
74412206
25995862
74712513
30759123
99800809
35782985
99044886
58478849
34746128
13033180
27251891
99820571
00198833
15327704
59857288
08177166
45695772
55246320
26838523
62284030
36787191
41697720
06690755
08056098
38875326
34878407
97259428
65637239
02483748
45138444
33076179
90437728
76859303
15985145
35438405
42533589
65695677
98423944
00584206
57288673
95797541
81702233
60252569
25309101
25053830
27490685
33995822
76812184
79296160
77038497
39880099
71506139
47299396
26328326
04597042
28448584
76260285
81278195
08378370
45201027
32130970
33701201
04009304
84276829
92899598
00798374
88918593
51806960
07567381
72997060
19166919
91923273
67661495
92344553
64692177
86825768
29960041
98643877
45578695
99866449
37959056
62040943
77501573
18346426
38454354
95068363
69917814
97425908
88316823
59790403
37655743
44820597
11736123
78342187
26890246
05882026
65477192
21606917
22823486
85706417
49011809
19415769
03515969
40974556
76112187
25077329
37681062
84632072
40166780
94626757
00490697
68273997
26516428
39944429
84087615
57668875
71719387
11067597
89699442
51256537
06140178
35804323
10682368
76351571
41741436
00854849
54003914
98521808
19491739
86320636
46505141
36211072
44049165
60411661
29568918
16944182
37025982
61061293
24142586
90685778
51677098
79385134
93490675
05356383
68798074
82852188
42257454
40874788
84751778
27840368
52605782
12524146
28073007
91582768
07260632
23331455
16355241
91952167
40534725
69468461
44409831
64947198
42390696
20953525
70580795
03970269
19087132
38110972
20697434
22122796
80463282
49956105
48151046
36883914
23165039
43819356
57306513
51714765
10510438
90027050
41967445
17357717
08248047
57358602
64556985
45678075
22504704
51392637
33197742
37737506
18327943
33462828
19328695
88521474
05170558
76221218
47373423
55218409
65502943
96513949
03745603
87207255
11585423
49653280
88583604
33772678
11487866
54823722
10908643
36193919
48331315
82122182
44251747
96684150
54686562
24929327
62130048
52048565
44131496
55091763
52611959
13846305
35083072
72650928
46057584
33927375
27017473
57293021
50204206
01871762
66760863
46468701
90599310
33373059
88986962
60938098
02414328
62170948
49201202
64823564
85457314
51620132
46041577
26575130
17123699
68331144
82150673
30598013
45292146
64866038
95268711
60811494
89330508
86768068
62641210
11193190
38754744
46332714
25618195
77134464
64007014
67614211
76338756
37663170
49113434
12139438
34935113
04391814
38794877
31603144
75966514
50734782
62855777
74311752
88067511
04022843
81728642
57218351
95657027
16551519
02189200
24829081
60218109
78291226
95011993
13307594
55535111
28585782
23318251
56348811
14582428
68776006
04286555
86032102
79311474
72051754
23974666
88451622
93246851
80160700
93547493
07812874
14000025
71483882
35974109
71126970
64267258
93304431
69096488
00430769
92390158
78648166
92956125
34423302
69902128
86925521
56057419
91995683
59523413
34709105
06706680
79101998
59251875
88107337
01441903
56712328
19424218
13331731
50547676
15627207
18211040
87460707
82268038
34784044
60517157
15134082
32318613
33878198
31791232
24348430
82438159
30207789
72982726
36393632
66940576
49897760
39813940
71312279
05156859
45855710
63836796
61405259
87293747
50944555
34866431
85978708
61167297
23566467
92147192
28863811
04224275
35911885
03171317
53517292
03342303
39207553
11147177
16264397
53712624
37862503
75639809
84657664
69754836