
60052268
27914482
75863242
82654155
17317738
55321597
71340469
93473400
71903505
44548883
42326327
14499025
32395554
53299805
26769004
15735888
89808986
41553660
53113687
04707606
74767545
91864990
77473043
37769475
65872378
94824454
13261279
19988974
98435037
21025954
52991165
15584514
67800189
15234449
44073776
60173227
27035857
42786295
62958097
85054421
43300783
61788187
25046595
73903883
63177844
25169655
59396501
72153599
16189586
65212681
81852138
45713727
14250706
21667763
25334072
39407498
07222208
21438061
41370913
06040085
16736841
86197106
44313961
64939212
91146941
18015303
72716519
47793625
74097843
58363576
71115446
33096883
57592290
28226221
82378551
82557284
34412536
73322111
30243370
39324940
48894321
38462279
84391179
84319759
13318405
29632871
83912312
71594557
84553639
85434525
94083249
86354127
38098196
85798686
14465776
10467660
79222093
29877208
21520490
34227651
52361570
63301978
22159909
21808129
87063575
68402451
58497219
40298532
92967747
35224994
97734340
45753536
91218527
56735511
16287221
03572859
07404516
68157354
58676622
73561803
89678085
25985935
46953107
44164513
01389403
50590464
34170440
35159608
93375887
34240706
68550457
68161601
75643226
48980126
57240648
95104093
70786242
89037513
05742327
15432392
62828501
72851548
10362318
53986999
54796776
46560577
72256823
17633088
92378561
46249316
59203000
86690802
35009343
67444043
15175391
77736436
96336390
31528487
83541996
91571969
55519903
78326810
77290268
85824378
25136127
45634952
35201457
17794635
50457861
56198535
15103325
64982712
65948047
54360181
79476674
00731404
80379862
94184320
01058708
32854319
76045528
55074123
67018071
12682442
26250355
17983405
45028884
15482861
53404332
61740015
75317594
47659386
34578584
49632816
14427058
48134175
53328846
63893188
86498771
94542669
76953828
19740330
08723278
07422849
46746917
26348634
13544031
39221294
69543661
86081743
00259495
93199889
88049609
46591383
23629655
24101993
44335096
33412574
72759103
18434884
41547782
40259147
03415456
02218766
08380376
14799668
38548610
36121747
77210935
12668936
28374776
30987315
25432334
59953775
08162339
34090612
36635968
03708659
62684351
61543071
33648043
41734238
57892360
54305240
55256988
58872141
90747742
82171351
51605567
62541549
33905272
21785736
53543824
37933537
60743000
55384144
21418194
89317645
44177080
77672278
40424927
68505973
15928149
61267021
00622319
25259500
66388815
68663876
02445206
14237870
50449147
61613196
67495600
56798659
32793950
89892194
44632259
32889600
66632119
40475268
36179694
96863172
00802246
48322528
32643118
47495229
58819943
21831614
19847255
13862868
47175777
99621984
80728917
67562071
16402740
46316325
02865295
90417852
02420732
77652556
65357629
63331983
51323103
86757503
19611258
31999420
22513784
95043384
45470215
26756103
63644622
49937946
40247345
95884945
48073402
76274807
55592486
37353366
85803218
87076276
74902820
21921776
03201135
84440740
37480261
48993607
91341338
68891167
52663830
89714859
24995550
87327455
87640270
57143434
46444490
57541462
17687863
02854654
64993711
94698562
54925474
51876900
67720807
48500348
12006496
91187138
54289392
90304634
07004473
50192420
94617038
99754649
78766957
88347386
09199282
54188923
12110718
82836619
27067535
30665788
24523309
77190211
12497360
64230915
58047894
35948548
32815788
34647618
69878265
78382429
50488368
33554044
43130242
29279796
67193282
51741545
62371427
73786398
53070964
56017952
15164398
36778657
05004347
88871785
65037198
86930894
33332489
04713342
39829076
87150477
38696618
39378855
76863454
52425002
96960927
51534346
53240708
88206758
25787302
52001277
80838782
65062857
88772851
41455483
62666452
06165596
73136665
78133271
06278201
98874985
02570959
12588022
24972232
52454764
33119195
17248488
93837470
60325215
00889518
46104188
14923102
24001416
52111487
12209537
08731864
31667373
78945004
70619699
50046239
48265061
60025938
30497297
80114740
94168872
52392581
21294910
18711850
53055436
80085017
90447230
94992016
21373551
93850220
36235424
01806149
79956294
18706753
81821488
99548944
24870331
80412904
29649153
30578799
96190024
63979911
84193548
34794845
30716194
87721607
79794557
62906724
68113616
90468744
69994312
05568051
32055826
79833105
41757175
70909799
08835173
62893451
28193852
46424147
39959534
20425885
65206994
12424718
69478190
77944185
19257169
82868818
26615880
73160913
64179171
22327623
40016843
67766892
52150200
88768506
86209999
18556259
83980742
00323919
34683147
88729019
10935195
43499703
07999394
83109932