
85938680
47996092
97165842
60736048
83208184
57824615
73409439
58311828
74897933
12736632
25375772
17238642
77151882
43676357
78431926
58332551
69688830
21560431
43410030
24715688
16303624
89181983
82594217
88532215
13105941
38834217
33365741
20984549
43666959
28923978
00020626
74877408
37081793
48164110
98341860
86006098
68993750
30528180
24313508
37101972
57122071
78300480
65889580
52717680
39113361
32820834
53938168
36003784
51406164
21817922
28058799
08963815
98608795
31087615
32870439
20903795
84164817
91101828
38161014
99914791
86714476
48279430
77607084
38015562
38954714
42567262
24622014
02086077
75896084
69726403
76520131
61751604
13608582
03753805
36259096
77598124
98786265
38740492
95984632
17190127
23248258
34330299
60631027
53608135
03254275
34929752
26031963
08043583
00473579
42747491
99164369
18998127
23874106
66875110
74375038
01395574
66523641
11826611
63788189
75123604
32089950
43861544
03888174
42701872
92088106
90429020
46691635
51964698
70206902
81780559
09037064
83380291
97333359
70430928
67820896
57406058
43728953
20183759
00603229
06122297
00816001
95071636
71692282
62981232
71086531
96480390
99007398
92494671
71533721
40939616
43577082
21648798
24695831
61707768
76773159
07535015
46773568
50874105
76211497
51051215
96831532
58939926
07875278
81086114
77254208
64702513
97519358
91048171
40100183
82756753
23838444
46273924
87394436
64377688
74820637
45989864
44922853
20643260
74928420
34508642
86280525
32293354
93972392
01276404
47891801
21227598
85147185
44395133
69718034
09272636
88832727
09426558
68414728
61446937
31192497
54150569
65075300
27942914
03988843
06806469
45905025
99105508
19103990
14066698
35360172
58626822
61669933
14831519
94398938
54161934
31822895
47086453
50357187
37375236
42192267
93518487
21612988
11093216
36485554
80694634
49750380
16758457
03500446
63236298
19800258
97971259
45741409
57780067
36361116
06463100
16411907
48659579
45996749
52763674
75528364
16544725
24083796
58201874
85359150
74178396
88422589
31467390
12831823
60036846
16237368
96147697
80078989
08492962
69042026
39907154
42388645
71189715
74491202
67081066
46994007
99834012
01183374
53387035
66473965
89504363
10879642
96316419
33473190
03385081
22056441
85783923
75045136
35547796
27984143
56212141
98995828
22955559
99612042
73091828
60442074
27699792
78837505
28452713
01881544
83634486
93603344
59534802
38333836
44303497
86297534
37577146
07151593
36768489
61914627
75803687
05597088
29206069
26027813
20054522
72900015
45684442
95768339
11610700
73600535
27795452
10895934
43851609
41917561
30902201
95214741
04932302
36310835
47929909
96807973
10910438
76435657
81748589
80336710
57064309
42515495
39470406
94756706
36040906
76244780
52882980
63713422
23995085
62577537
45349114
09470024
94454080
07149081
24013258
79462825
89251754
15095784
54127062
17608677
12378065
29408786
00594020
45159660
64893709
31742983
32430676
31859639
02803367
89874243
27391661
40624792
08483771
70840891
40438825
04780646
34496176
47233904
76981147
41700424
56657579
32015866
69635394
42930885
97984501
30819387
46851812
45005091
93814901
17659521
30911734
49139739
52075254
41684972
47933988
94652280
27470436
86851122
36304250
37563642
85860938
83779319
64086453
45840739
89517384
46626076
62556111
40001453
68844637
18731275
58460914
81520702
87411541
71946031
11162160
64296257
16933729
89351548
58005261
76564424
88804565
12148451
82227599
36627871
58661736
59497429
46220312
02605225
84813256
66823589
23086608
21181884
29433238
30729918
00526952
66239951
33505816
53597603
23896019
23812060
29061374
31486107
37599511
57760067
92389527
94555620
52635880
39397976
74025776
51860106
29089174
95385673
93630846
39570699
06065284
94139499
73734542
45538417
81193956
37072017
49612905
60112784
89005324
68650570
17309583
93412473
96285777
97084803
85196271
59365808
35863678
58659624
29283436
38227962
68261122
79186755
24561508
90619844
45463029
09536733
83709195
71786052
35519113
48148057
79846213
57232275
63729315
89464127
19873931
45176717
91372471
39422782
14026577
61438335
74503052
25696147
75764399
70858285
85013477
94510304
56070873
58731569
05760066
90947387
46864521
51519597
68096257
33972065
44834584
41065905
65437826
67856700
62102485
38915793
00132297
11088300
71938148
02754265
08551018
09691485
78102015
35827028
36534963
18289720
73000006
80101299
28559906
06365620
20729076
36687950
65410470
34757583
70346079
43948951
36032522
16888481
94903564
42231214
77721706
22270642
32330044
99420194
10869966
37725186
74471254
47678922