
34831608
24841296
50038694
15529210
79373513
44785275
68352662
39841603
58448547
10430841
67517510
15728471
11222969
49628769
22044579
38000571
41388791
85158865
44279506
90816715
53174473
94146388
83726806
26175759
49688741
39968651
89977519
36521069
38031330
11973855
90310772
52097663
08146876
01238319
22109641
54875728
60358642
51773623
61374415
48104569
25500782
84880021
64889460
57990030
25487113
27902461
78211633
53961190
40908813
87132764
69747027
07572429
15800750
58116023
97902563
28730351
09665187
70497165
75139904
55458458
46090619
17057401
78029797
72095427
01611709
37675706
19099011
28960309
11741413
90200731
53919149
01309739
35983724
98490302
41948653
21853846
74297268
49867227
55843009
81214930
57139628
51177205
07765933
49385376
00120558
15692609
64249611
43657223
85942354
95349902
60870509
64658729
43030676
66697605
94725503
33796081
05095935
86027197
81107928
54396681
32170195
16653496
09100320
51815203
82349891
39061492
88230750
17921671
32548786
57698575
83678720
74880853
44456934
39276094
93352984
54933493
90825921
84121199
55775644
33441751
60338495
24619937
83515293
32158825
19682399
89090321
93028686
59625414
61319630
16095303
65459244
83354706
25261027
70890886
44102414
94125286
67416028
87010122
64752575
80766096
15533886
18050462
20888849
70886709
24729020
64645848
94798739
65783016
36647058
71818864
19549732
08706020
89275115
09990887
47662145
56424481
08442658
73859594
53137303
65238310
49945263
43548185
75546273
88248896
61462034
26609825
59374489
96383726
09354694
77244249
40985568
63949161
86724533
59611875
07586481
28016815
86225313
69708630
38730013
09546936
69494154
36352353
55588486
53062698
79238799
79007729
61089885
44970997
04821898
69850010
71664335
73474443
72100682
94705162
92798446
86595995
41309236
04557650
59443900
65566526
85039094
36968994
75117280
69936104
37746728
68835296
52564026
76836715
26695714
84857710
42586023
27817512
80035547
47337359
30880597
66156882
33164601
67926172
93956721
11796487
87783218
58430634
67819936
91882505
06997081
49447928
70322014
59469538
14540004
39413208
09594177
36701836
41270703
53570921
00075147
75249583
88886093
60404711
87816452
89605624
64911653
30029648
95177082
87531942
15965634
01558393
93298557
51918681
50781679
82512200
91122417
19882885
72374704
58182063
84242166
48023883
69890561
88510501
70193343
33268389
02673336
01134164
53852496
59756380
43760530
14447747
93008810
35191031
63503275
09493851
82443286
04511805
12160404
19853854
96077169
00769411
35764417
82987061
98099890
77621917
28690426
59404539
12765098
04365413
24225154
37283517
69331793
39609249
50407864
84437701
88738872
03892166
28990526
20237202
47510689
99459611
13087102
27485626
97039351
48834732
07177919
29806907
59273376
10331556
42893477
55980533
34131784
84996985
00367767
64877642
41076961
48925376
44904204
47439339
00651938
34529248
28973710
61895197
65491669
11915676
09968325
69412960
02834342
21948791
60751436
84831157
26305591
17179304
52958128
03630715
78894316
09449093
42545289
99676077
29672622
82670832
06782664
60231405
13599574
89990079
17696216
78635052
76421793
51548590
94593058
40502357
36182944
43938522
42524053
08676413
26823492
30091373
00506227
36547626
65726363
82012609
90632439
80632201
23348820
73211645
15275453
48364923
89660108
77202152
36104842
89918344
97544558
95200645
48790004
40210940
27409623
19267776
86165120
40593267
60452602
47718255
64022712
07374076
53704950
14380820
93014411
46542824
31063294
57600747
94485786
35704466
10759826
48309556
92481337
61556171
00414529
76538226
55128946
31059683
52104323
16806966
33815600
56508433
04605230
60197450
76878072
77681372
16516541
02965058
48601876
92073996
76340776
44204888
75225447
27622770
97437807
54940369
66095683
42766473
05033417
76099585
72129089
68617208
57688099
19200206
22591403
43004319
80253846
56968304
55157221
85139469
47823137
85369089
23292758
47967868
42041813
06883368
01494528
36098895
83012395
87670161
63347071
39787246
74406478
67798026
26091586
06911515
99524497
23556681
26621269
08406458
06573144
86251770
51589348
44953710
63311141
79048782
81221168
16218174
98031322
49145844
09506807
54896422
44558667
95923697
89209203
93394538
04317648
22426873
79082328
36861248
19507607
44039713
65733331
26683108
66456130
21380057
49424808
52512620
46925941
61221998
13736806
65525821
07272883
43587604
00458125
50469085
47830911
57916022
49198046
41826397
74344773
43684297
98972522
74084779
19347986
84058649
30938107
90699027
70872380
11018055
51352294
58169069
47610987